-8.081686496734619141e-02
6.901718139648437500e+00
1.268897056579589844e+01
0.000000000000000000e+00
0.000000000000000000e+00
0.000000000000000000e+00
0.000000000000000000e+00
0.000000000000000000e+00
0.000000000000000000e+00
-1.556836509704589844e+01
3.534927368164062500e+00
8.625357627868652344e+00
3.718202209472656250e+01
2.260528087615966797e+00
1.078767776489257812e+01
0.000000000000000000e+00
0.000000000000000000e+00
0.000000000000000000e+00
0.000000000000000000e+00
0.000000000000000000e+00
0.000000000000000000e+00
-1.265019893646240234e+01
-7.730547428131103516e+00
1.024323272705078125e+01
1.477270507812500000e+02
1.200716114044189453e+01
9.239547729492187500e+00
0.000000000000000000e+00
0.000000000000000000e+00
0.000000000000000000e+00
0.000000000000000000e+00
0.000000000000000000e+00
0.000000000000000000e+00
1.868568420410156250e+02
7.610462665557861328e+00
-1.347197294235229492e+00
-3.371177673339843750e+01
2.679553794860839844e+01
1.343246650695800781e+01
0.000000000000000000e+00
0.000000000000000000e+00
0.000000000000000000e+00
0.000000000000000000e+00
0.000000000000000000e+00
0.000000000000000000e+00
-1.107940673828125000e+01
7.212273120880126953e+00
4.266855716705322266e+00
-1.778773193359375000e+02
-1.548152923583984375e+01
6.083817958831787109e+00
0.000000000000000000e+00
0.000000000000000000e+00
0.000000000000000000e+00
0.000000000000000000e+00
0.000000000000000000e+00
0.000000000000000000e+00
1.517850036621093750e+02
1.588777923583984375e+01
4.972813606262207031e+00
-4.354974060058593750e+02
-2.142774009704589844e+01
2.980897903442382812e+00
0.000000000000000000e+00
0.000000000000000000e+00
0.000000000000000000e+00
0.000000000000000000e+00
0.000000000000000000e+00
0.000000000000000000e+00
-4.621067810058593750e+02
-1.993297729492187500e+02
-3.858959674835205078e+00
1.752284301757812500e+03
5.258451843261718750e+01
2.715438842773437500e+00
0.000000000000000000e+00
0.000000000000000000e+00
0.000000000000000000e+00
0.000000000000000000e+00
0.000000000000000000e+00
0.000000000000000000e+00
-1.725874511718750000e+03
-8.711551666259765625e+01
-3.214194297790527344e+00
1.532438232421875000e+03
3.223569869995117188e+00
7.562357425689697266e+00
0.000000000000000000e+00
0.000000000000000000e+00
0.000000000000000000e+00
0.000000000000000000e+00
0.000000000000000000e+00
0.000000000000000000e+00
2.016929565429687500e+03
1.000000000000000000e+01
0.000000000000000000e+00
0.000000000000000000e+00
0.000000000000000000e+00
0.000000000000000000e+00
0.000000000000000000e+00
0.000000000000000000e+00
0.000000000000000000e+00
0.000000000000000000e+00
0.000000000000000000e+00
0.000000000000000000e+00
0.000000000000000000e+00
0.000000000000000000e+00
0.000000000000000000e+00
0.000000000000000000e+00
0.000000000000000000e+00
0.000000000000000000e+00
0.000000000000000000e+00
0.000000000000000000e+00
0.000000000000000000e+00
0.000000000000000000e+00
0.000000000000000000e+00
0.000000000000000000e+00
0.000000000000000000e+00
0.000000000000000000e+00
0.000000000000000000e+00
