9.184589414400000000e+10
1.983294668800000000e+10
-1.627074432000000000e+09
-1.627074432000000000e+09
1.709915955200000000e+10
4.979920384000000000e+09
-1.235797760000000000e+08
-1.235797760000000000e+08
-7.649848000000000000e+07
-2.419448000000000000e+07
-9.291041250000000000e+05
-9.291041250000000000e+05
7.230007000000000000e+06
1.527240625000000000e+06
6.513931250000000000e+05
6.513931250000000000e+05
-1.395004687500000000e+05
2.217138671875000000e+04
4.210403125000000000e+04
4.210403125000000000e+04
1.156926953125000000e+05
6.377278515625000000e+04
-5.013505078125000000e+04
-5.013505078125000000e+04
1.493358203125000000e+04
-4.267266406250000000e+04
-3.013718261718750000e+03
-3.013718261718750000e+03
-4.675809082031250000e+03
1.288867187500000000e+03
6.655979614257812500e+02
6.655979614257812500e+02
7.998282470703125000e+02
2.109109039306640625e+02
7.099231719970703125e+00
7.099231719970703125e+00
5.841754760742187500e+02
2.176589488983154297e+00
3.408615112304687500e+01
3.408615112304687500e+01
