4.532793579101562500e+02
1.810177307128906250e+02
-6.171498870849609375e+01
-3.205363464355468750e+01
-7.598604583740234375e+01
-9.433943748474121094e+00
1.664481201171875000e+02
9.438920593261718750e+01
-2.818878173828125000e+01
-1.989153747558593750e+02
2.201999855041503906e+01
1.251693725585937500e+01
-6.920780181884765625e+01
-1.319863510131835938e+01
-9.368082046508789062e+00
0.000000000000000000e+00
0.000000000000000000e+00
1.178628540039062500e+01
-1.939935874938964844e+01
1.674027919769287109e+00
7.600927734375000000e+01
-4.089119338989257812e+01
-1.422124862670898438e+01
4.439908599853515625e+01
5.123467254638671875e+01
1.465110778808593750e+00
0.000000000000000000e+00
0.000000000000000000e+00
0.000000000000000000e+00
0.000000000000000000e+00
0.000000000000000000e+00
0.000000000000000000e+00
0.000000000000000000e+00
0.000000000000000000e+00
0.000000000000000000e+00
0.000000000000000000e+00
0.000000000000000000e+00
0.000000000000000000e+00
0.000000000000000000e+00
-3.812884902954101562e+01
-4.567441558837890625e+01
1.856526184082031250e+01
-5.106384277343750000e+01
-5.780429077148437500e+01
-4.517509078979492188e+01
-4.054852676391601562e+01
-7.456468200683593750e+01
9.391463279724121094e+00
-6.870834350585937500e+01
-1.374058151245117188e+01
1.855418586730957031e+01
0.000000000000000000e+00
0.000000000000000000e+00
0.000000000000000000e+00
0.000000000000000000e+00
0.000000000000000000e+00
0.000000000000000000e+00
0.000000000000000000e+00
0.000000000000000000e+00
0.000000000000000000e+00
0.000000000000000000e+00
0.000000000000000000e+00
0.000000000000000000e+00
0.000000000000000000e+00
-7.300681304931640625e+01
3.560453033447265625e+01
3.417231798171997070e+00
-6.817028808593750000e+01
-9.799138641357421875e+01
-2.314828395843505859e+00
-2.477051162719726562e+01
-2.033780479431152344e+01
-1.078547668457031250e+01
0.000000000000000000e+00
0.000000000000000000e+00
2.270632553100585938e+01
3.097387695312500000e+01
5.178947448730468750e+00
6.275854492187500000e+01
3.060299396514892578e+00
6.446253776550292969e+00
1.271577835083007812e+01
-2.380846023559570312e+01
-1.638601493835449219e+01
0.000000000000000000e+00
0.000000000000000000e+00
-3.028120613098144531e+01
1.704849624633789062e+01
-1.226417827606201172e+01
4.295879745483398438e+01
-4.935249328613281250e+01
-1.518836402893066406e+01
-1.839244842529296875e+00
-2.631284713745117188e+01
9.151817321777343750e+00
3.304430770874023438e+01
5.175786972045898438e+00
-1.226242923736572266e+01
0.000000000000000000e+00
0.000000000000000000e+00
0.000000000000000000e+00
0.000000000000000000e+00
0.000000000000000000e+00
0.000000000000000000e+00
0.000000000000000000e+00
0.000000000000000000e+00
0.000000000000000000e+00
0.000000000000000000e+00
0.000000000000000000e+00
0.000000000000000000e+00
0.000000000000000000e+00
-4.429659652709960938e+01
-2.458486557006835938e+01
2.407770919799804688e+01
-1.953240966796875000e+02
-1.946572303771972656e+01
2.170199966430664062e+01
-4.367595195770263672e+00
1.625709533691406250e+00
-1.024783706665039062e+01
0.000000000000000000e+00
0.000000000000000000e+00
3.004461288452148438e+01
4.143241882324218750e+01
-1.280491542816162109e+01
-8.699554443359375000e+01
7.915922641754150391e+00
-7.962872505187988281e+00
2.095957565307617188e+01
1.102125167846679688e+01
-5.455760955810546875e+00
0.000000000000000000e+00
0.000000000000000000e+00
0.000000000000000000e+00
0.000000000000000000e+00
0.000000000000000000e+00
0.000000000000000000e+00
0.000000000000000000e+00
0.000000000000000000e+00
0.000000000000000000e+00
0.000000000000000000e+00
0.000000000000000000e+00
0.000000000000000000e+00
0.000000000000000000e+00
3.842744064331054688e+01
-2.058355331420898438e+01
8.338300704956054688e+00
-5.311948776245117188e+01
2.057251930236816406e-01
-6.104055881500244141e+00
-2.643964576721191406e+01
3.070276737213134766e+00
4.660026073455810547e+00
0.000000000000000000e+00
0.000000000000000000e+00
-6.233428955078125000e+00
-1.389092445373535156e+01
-3.274226188659667969e-01
4.631623077392578125e+01
-1.290206909179687500e+01
1.374196171760559082e+00
5.341825962066650391e+00
-9.897894859313964844e-01
6.070313930511474609e+00
0.000000000000000000e+00
0.000000000000000000e+00
0.000000000000000000e+00
0.000000000000000000e+00
0.000000000000000000e+00
0.000000000000000000e+00
0.000000000000000000e+00
0.000000000000000000e+00
0.000000000000000000e+00
0.000000000000000000e+00
0.000000000000000000e+00
0.000000000000000000e+00
0.000000000000000000e+00
5.027622222900390625e+00
1.195872688293457031e+01
7.830403804779052734e+00
-1.134835338592529297e+01
-5.956092834472656250e+00
-1.014202117919921875e+00
-8.823427200317382812e+00
2.559994220733642578e+00
-6.677401065826416016e-01
0.000000000000000000e+00
0.000000000000000000e+00
8.178110122680664062e+00
-4.712749481201171875e+00
1.902770519256591797e+00
-4.766648101806640625e+01
-2.230854225158691406e+01
-1.839900255203247070e+00
1.120226383209228516e+01
-1.982595443725585938e+00
4.330836296081542969e+00
0.000000000000000000e+00
0.000000000000000000e+00
0.000000000000000000e+00
0.000000000000000000e+00
0.000000000000000000e+00
0.000000000000000000e+00
0.000000000000000000e+00
0.000000000000000000e+00
0.000000000000000000e+00
0.000000000000000000e+00
0.000000000000000000e+00
0.000000000000000000e+00
0.000000000000000000e+00
-4.254160404205322266e+00
1.122119522094726562e+01
-6.741976737976074219e-02
-9.452955627441406250e+01
-1.107758331298828125e+01
-3.192418098449707031e+00
-3.042774200439453125e+00
1.179173946380615234e+00
2.990193605422973633e+00
0.000000000000000000e+00
0.000000000000000000e+00
-9.870571136474609375e+00
-4.155952453613281250e+00
-1.950250148773193359e+00
-5.274948120117187500e+01
4.100525856018066406e+00
-4.977319240570068359e+00
5.344165802001953125e+00
1.751987934112548828e-01
1.552375674247741699e+00
0.000000000000000000e+00
0.000000000000000000e+00
0.000000000000000000e+00
0.000000000000000000e+00
0.000000000000000000e+00
0.000000000000000000e+00
0.000000000000000000e+00
0.000000000000000000e+00
0.000000000000000000e+00
0.000000000000000000e+00
0.000000000000000000e+00
0.000000000000000000e+00
0.000000000000000000e+00
4.168968796730041504e-01
-5.317548274993896484e+00
-1.248333930969238281e+00
3.606228256225585938e+01
9.427309036254882812e+00
-2.231761932373046875e+00
5.234299898147583008e-01
1.808011054992675781e+00
6.049960851669311523e-01
0.000000000000000000e+00
0.000000000000000000e+00
3.829553604125976562e+00
4.258061408996582031e+00
-5.384896993637084961e-01
4.889195442199707031e+00
-4.750605583190917969e+00
1.235109806060791016e+00
6.978883743286132812e+00
1.195123100280761719e+01
7.953526824712753296e-02
0.000000000000000000e+00
0.000000000000000000e+00
0.000000000000000000e+00
0.000000000000000000e+00
0.000000000000000000e+00
0.000000000000000000e+00
0.000000000000000000e+00
0.000000000000000000e+00
0.000000000000000000e+00
0.000000000000000000e+00
0.000000000000000000e+00
0.000000000000000000e+00
0.000000000000000000e+00
4.711904525756835938e+00
-8.615960121154785156e+00
-2.635297775268554688e-01
3.676815032958984375e+01
2.102736234664916992e+00
2.037570476531982422e+00
3.287695407867431641e+00
3.642152070999145508e+00
1.390245556831359863e-02
0.000000000000000000e+00
0.000000000000000000e+00
3.589533329010009766e+00
5.549089431762695312e+00
1.303937435150146484e+00
3.793798828125000000e+01
1.599297642707824707e+00
9.981256723403930664e-02
2.590346336364746094e+00
1.372851133346557617e+00
2.002939462661743164e+00
0.000000000000000000e+00
0.000000000000000000e+00
0.000000000000000000e+00
0.000000000000000000e+00
0.000000000000000000e+00
0.000000000000000000e+00
0.000000000000000000e+00
0.000000000000000000e+00
0.000000000000000000e+00
0.000000000000000000e+00
0.000000000000000000e+00
0.000000000000000000e+00
0.000000000000000000e+00
-7.126895427703857422e+00
-1.700441837310791016e-01
2.193606138229370117e+00
9.298256874084472656e+00
6.443971633911132812e+00
-6.782922148704528809e-02
1.284655570983886719e+00
1.301672458648681641e-01
1.513024806976318359e+00
0.000000000000000000e+00
0.000000000000000000e+00
4.754791736602783203e+00
1.567644596099853516e+00
8.189630508422851562e-01
8.880972862243652344e+00
-3.047812461853027344e+00
-3.502917289733886719e-01
8.443468093872070312e+00
2.783216953277587891e+00
1.929557561874389648e+00
0.000000000000000000e+00
0.000000000000000000e+00
7.580978393554687500e+00
4.781465530395507812e+00
1.433675646781921387e+00
2.368389892578125000e+01
-2.354683399200439453e+00
1.533837318420410156e+00
-6.615748405456542969e+00
2.053678035736083984e+00
-1.387181580066680908e-01
0.000000000000000000e+00
0.000000000000000000e+00
-1.586860847473144531e+01
7.315134048461914062e+00
1.401196765899658203e+01
5.144680976867675781e+00
-4.158004760742187500e+00
-2.521810531616210938e-01
-1.591826019287109375e+02
4.418518543243408203e-01
-1.169548273086547852e+00
-4.516405105590820312e+00
9.217604637145996094e+00
1.401196765899658203e+01
0.000000000000000000e+00
0.000000000000000000e+00
0.000000000000000000e+00
0.000000000000000000e+00
0.000000000000000000e+00
0.000000000000000000e+00
0.000000000000000000e+00
0.000000000000000000e+00
0.000000000000000000e+00
0.000000000000000000e+00
0.000000000000000000e+00
0.000000000000000000e+00
0.000000000000000000e+00
9.616740226745605469e+00
7.698855400085449219e+00
-2.299592971801757812e+00
-3.049268722534179688e+00
-5.683494567871093750e+00
1.986484408378601074e+00
-8.159019470214843750e+00
4.324085998535156250e+01
7.889633178710937500e-01
0.000000000000000000e+00
0.000000000000000000e+00
0.000000000000000000e+00
0.000000000000000000e+00
0.000000000000000000e+00
0.000000000000000000e+00
0.000000000000000000e+00
0.000000000000000000e+00
0.000000000000000000e+00
0.000000000000000000e+00
0.000000000000000000e+00
0.000000000000000000e+00
1.340942031250000000e+05
1.000000000000000000e+03
